PROVINCE,"CITY/ MUNICIPALITY",BARANGAY,"FAMILIES [number]","MALE [number]","FEMALE [number]","TOTAL (Note: If the available data is ""Total Persons"", please input/encode in this column) [number]",REMARKS
"ILOCOS NORTE",Bacarra,"Brgy. Casilian, Brgy. Cabaruan, Brgy. Natba",109,0,0,263,"Busan evacuation center"
"ILOCOS NORTE",Badoc,"Barangay Lucuben, Mabusag Sur",133,0,0,494,"Annex Building, Municipal Hall, Mabusag sur covered hall, Municipal Function Hall"
"ILOCOS NORTE",Bangui,"Barangay Payac, Barangay Lanao, Barangay Abaca, Brgy. San Lorenzo",61,0,0,148,"Brgy Payac, Lanao and Municipal Evacuation Center"
"ILOCOS NORTE",Banna,"Brgy Catagtaguen, Brgy Hilario, Brgy Tabtabagan",61,0,0,155,"Regional Evacuation Center"
"ILOCOS NORTE","Batac City","Colo, Billoca, Ricarte, Cangrunaan, Valdez, Parangopong, Billoca, Lacub",27,0,0,89,"Community Center, City Evacuation Center, Cangrunaan Child Development Center, Parongopong Elem. School, Batac Public Market"
"ILOCOS NORTE",Carasi,Angset,3,0,0,8,"Municipal Evacuation Center"
"ILOCOS NORTE",Currimao,"Brgy. Gaang, Victoria, San Simeon, Tapao Tigue, Barangay Pias Sur",80,0,0,227,"Currimao National High School, Wilbur C. Go National Highschool, Barangay Pias Sur Multi Purpose Hall"
"ILOCOS NORTE",Dumalneg,"Brgy. Cabaritan, Brgy. Quibel, Brgy. San Isidro, Brgy. Kalaw",18,0,0,55,"Municipal Evacuation center, Brgy Kalaw Dumalneg"
"ILOCOS NORTE","Laoag City","35, 60 A, 1, 29, 43, 44, 1, 34 A, 34 B, 35, and 43<br>",88,0,0,239,"Laoag City Auditorium"
"ILOCOS NORTE",Pagudpud,"Brgy. Caparispisan, Pancian, Saud, Pasaleng, Burayoc, Balaoi, Poblacion 1, Poblacion 2",357,0,0,1098,"Caparispisan Evacuation Center,Pancian Elementary School, Saud Elementary School, Pasaleng Elementary School, Burayoc evc center, Balaoi Integrated School, Llantero resort, TGCM chapel, National Child De?vt. Center<br>"
"ILOCOS NORTE",Paoay,"Brgy. Callaguip",23,0,0,65,"Mormon Church in Brgy Callaguip"
"ILOCOS NORTE",Pasuquin,"Barangay Surong, Pragata, Susugaen",15,0,0,29,"Barangay Hall Evacuation Centers and outside EC"
"ILOCOS NORTE",Piddig,"Brgy. 13 Libnaoan, Brgy. 7, Sucsuquen",19,0,0,51,"Brgy Hall Brgy. 13 Libnaoan and outside Evacuation Center Brgy. 7, Sucsuquen"
"ILOCOS NORTE",Pinili,"Brgy. Bungro, Brgy. Darat, Brgy. Nagtrigoan",11,0,0,31,"Transferred to relatives, Brgy. Darat Covered Court, Brgy. Nagtrigoan Covered Court and Pentecost Church"
"ILOCOS NORTE","San Nicolas","Brgy 6. San Juan Bautista, Brgy. 4, Brgy. 16, Brgy. 19",21,0,0,52,"Barangay 6 Brgy Hall Evacuation Center, Brgy. 4 San Bartolome Evacuation Center, Brgy. 16 San Marcos Evacuation Center"
"ILOCOS NORTE",Sarrat,"Brgy. San Joaquin, Brgy. 3 Sta. Barbara, Brgy 22 San Cristobal, Brgy 4 San Francisco",8,0,0,23,"Municipal Evacuation Center, Brgy 6, BDRRMC Evacuation Center<br>"
"ILOCOS NORTE",Solsona,"Bagbago, Maananteng, Santiago",19,0,0,47,"Brgy Maananteng Brgy Hall, Santiago and RHU"
"ILOCOS NORTE",Vintar,"Brgy. 5 San Ramon",11,0,0,41,"Municipal Evacuation Center"
"ILOCOS SUR",Burgos,Bessang,21,0,0,41,"Brgy. Bessang Evacuation Center"
"ILOCOS SUR","Candon City","Brgy. Langlangca 2nd, Brgy. Darapidap, Brgy. Talogtog",51,0,0,152,"Respective Brgy. EC"
"ILOCOS SUR",Caoayan,Puro,96,0,0,242,"Caoayan Municipal Hall<br> Balay ti Ili Evacuation Center<br> DDQ Caoayan Ilocos Sur"
"ILOCOS SUR",Salcedo,none,15,0,0,42,"Municipal Evacuation Center"
"ILOCOS SUR","San Esteban",none,43,0,0,136,"San Esteban Evacuation Center<br> San Esteban Civic Center"
"ILOCOS SUR","San Vicente","Bayubay Sur",9,0,0,25,"San Vicente Evacuation Center"
"ILOCOS SUR",Santiago,"Gabao, Danar, Butol",17,0,0,44,"Municipal Evacuation Center<br> Barangay Evacuation Center<br> Outside Evacuation Center"
"ILOCOS SUR",Sigay,"Abaccan, Mabileg, San Ramon, Poblacion, Sto. Rosario",19,0,0,45,"Barangay Evacuation Center<br> Neighbors Relatives"
"ILOCOS SUR",Sinait,"Sabangan, Ricudo, Ballaigui, Masadag, Paratong, Baliw, Rang ay, Nagcullooban",24,0,0,76,"Municipal Evacuation Center"
"ILOCOS SUR","Sta. Cruz","Capariaan, Las ud, Mambog, Quinsoriano, Villa Hermosa",259,0,0,715,"Sta. Cruz Sports Complex,<br> Barangay Evacuation Center,<br> Youth Center,<br> Neighbors Relatives"
"ILOCOS SUR","Santa Lucia",none,6,0,0,23,
"ILOCOS SUR",Sugpon,"Balbalayang, Banga, Pangotan, Danac",43,0,0,152,"Barangay Evacuation Center<br> Neighbors Relatives"
"ILOCOS SUR",Suyo,Poblacion,1,0,0,2,Relatives
"ILOCOS SUR",Tagudin,"Farola, Pudoc East, Libtong, Bimmanga, Sawat, Jardin",210,0,0,660,"Bucao Evacuation Center<br> Baracbac Community School"
"ILOCOS SUR","Vigan City","Rugsuanan, San Julian Norte, Mindoro, Raois, Pantay Daya, Camanggaan, Capangpangan",204,0,0,570,"Barangay Evacuation Centers<br> San Julian Elementary School<br> Raois Elementary School<br> Jose Singson Elementary School<br> Camangaan Elementary School<br> Capangpangan Elementary School"
"LA UNION","Santo Tomas",Ambitacay,3,0,0,8,"Ambitacay Multi Purpose Hall"
"LA UNION","Santo Tomas"," Balaoc",3,,,6," Santo Tomas National High School"
"LA UNION","Santo Tomas"," Balaoc",3,,,11," Balaoc Elementary School"
"LA UNION","Santo Tomas"," Baybay",1,,,4," Baybay Multi-Purpose Hall"
"LA UNION","Santo Tomas",Cabaruan,2,,,4,"Santo Tomas National High School"
"LA UNION","Santo Tomas",Cabaruan,45,,,107," Santo Tomas Central School"
"LA UNION","Santo Tomas",Cabaruan,54,,,185," Cabaruan Integrated School"
"LA UNION","Santo Tomas",Cabaruan,1,,,3," Outside Evacuation"
"LA UNION","Santo Tomas",Casantaan,1,,,5," Outside Evacuation"
"LA UNION","Santo Tomas",Casilagan,3,,,7,"Casilagan Elementary School"
"LA UNION","Santo Tomas"," Cupang",8,,,34," Outside Evacuation"
"LA UNION","Santo Tomas"," Cupang",5,,,16,"Cupang Multi Purpose Hall"
"LA UNION","Santo Tomas"," Damortis",10,,,34," Damortis Multi Purpose Hall"
"LA UNION","Santo Tomas"," Linong",2,,,11,"Linong Multi Purpose Hall"
"LA UNION","Santo Tomas",Lomboy,13,,,30," Lomboy Multi Purpose Hall"
"LA UNION","Santo Tomas"," Malabago",2,,,5,"Malabago Multi Purpose Hall"
"LA UNION","Santo Tomas",Namboongan,1,,,3,"Namboongan Elementary School"
"LA UNION","Santo Tomas",Namboongan,1,,,7,"Namboongan Multi Purpose Hall"
"LA UNION","Santo Tomas",Namonitan,16,,,59," Outside Evacuation"
"LA UNION","Santo Tomas",Namonitan,1,,,5," Namonitan Multi Purpose Hall"
"LA UNION","Santo Tomas",Narvacan,27,,,37," Narvacan Multi Purpose Hall"
"LA UNION","Santo Tomas",Narvacan,6,,,25," Narvacan Elementary School"
"LA UNION","Santo Tomas",Patac,4,,,23,"Patac Multi Purpose Hall"
"LA UNION","Santo Tomas",Patac,4,,,13,"Patac Elementary School"
"LA UNION","Santo Tomas",Patac,4,,,20," Santo Tomas National School"
"LA UNION","Santo Tomas",Pobacion,7,,,22," Poblacion Multi Purpose Hall"
"LA UNION","Santo Tomas",Pobacion,4,,,13," Santo Tomas Central School"
"LA UNION","Santo Tomas",Pobacion,11,,,40,"Outside Evacuation"
"LA UNION","Santo Tomas",Raois,38,,,109,"Santo Tomas Central School"
"LA UNION","Santo Tomas",Raois,20,,,64,
"LA UNION","Santo Tomas",Tococ,1,,,6,"Outside Evacuation"
"LA UNION","Santo Tomas",Tococ,3,,,14,"Tococ Multi Purpose Hall"
"LA UNION","Santo Tomas"," Tubod",6,,,23,"Tubod Multi Purpose Hall"
"LA UNION","Santo Tomas",Ubagan,19,,,56,"Ubagan Elementary School"
"LA UNION","Santo Tomas",Ubagan,13,,,45," Ubagan Multi Purpose Hall"
"LA UNION","Santo Tomas",Ubagan,2,,,6,"Outside Evacuation"
"LA UNION",Bacnotan," Casiaman",1,0,0,6," Casiaman Evacuation Center"
"LA UNION",Bacnotan,Maragayap,2,,,7,"Evacuation Center"
"LA UNION",Bacnotan," Agtipal",3,,,7,"Evacuation Center"
"LA UNION",Bacnotan,Tammocalao,40,,,105,"Evacuation Center"
"LA UNION",Bacnotan,Sipulo,4,,,7,"Evacuation Center"
"LA UNION",Bacnotan,Baroro,96,,,283,"Baroro Evacuation Center"
"LA UNION",Bacnotan,Galongen,29,,,79,"Paagan Evacuation Center"
"LA UNION",Bacnotan,Oya-oy,1,,,1," Oya-oy Evacuation Center"
"LA UNION",Bacnotan,Ortega,4,,,11,"Mabanengbeng 1st Evacuation Center"
"LA UNION",Bacnotan," Nagsaraboan",5,,,13," Nangalisan Evacuation Center"
"LA UNION",Bacnotan," Quirino",4,,,8," Quirino Evacuation Center"
"LA UNION",Bacnotan,Bussaoit,10,,,36,"Bussaoit Evacuation Center"
"LA UNION",Bacnotan,Nagsimbaanan,1,,,3," Nagsimbaanan Evacuation Center"
"LA UNION",Aringay," Samara",9,,,28," Samara Covered Court"
"LA UNION",Aringay," Samara",1,,,6," Mormon Church"
"LA UNION",Aringay,Poblacion,1,,,5," Mormon Church"
"LA UNION",Aringay,Alaska,4,,,10," Mormon Church"
"LA UNION",Aringay,"San Benito Norte",3,,,9," Mormon Church"
"LA UNION",Aringay,"San Benito Sur",6,,,15," Mormon Church"
"LA UNION",Aringay,"Sto. Rosario West",1,,,2," Aringay Central Elemetary School<br>East Compound Gabaldon"
"LA UNION",Aringay,"Sta. Lucia",27,,,99,"Aringay Central Elemetary School<br>East Compound Gabaldon"
"LA UNION",Aringay,"Sta. Lucia",2,,,9," Aringay Central Elemetary School<br>West Compound Gabaldon"
"LA UNION",Aringay,"San Benito Sur",3,,,12,"Aringay Central Elemetary School<br>East Compound Gabaldon"
"LA UNION",Aringay,Samara,24,,,80,"Aringay Central Elemetary School<br>East Compound Gabaldon"
"LA UNION",Aringay,Dulao,3,,,5," Aringay Central Elemetary School West Compound Gabaldon"
"LA UNION",Aringay,Alaska,53,,,140,"Aringay Central Elemetary School East Compound Gabaldon"
"LA UNION",Aringay,Alaska,61,,,151,"Aringay Central Elemetary School West Compound Gabaldon"
"LA UNION",Balaoan," Paraoir",33,0,0,80,"Municipal Evacuation Center"
"LA UNION",Balaoan," Almeida",12,,,29,"Municipal Evacuation Center"
"LA UNION",Balaoan," San Pablo",2,,,6,"Municipal Evacuation Center"
"LA UNION",Balaoan," Bulbulala",2,,,12,"Municipal Evacuation Center"
"LA UNION",Balaoan," Pantar Norte",3,,,8,"Municipal Evacuation Center"
"LA UNION",Luna," Tallaoen",1,0,0,1," Child Development Center"
"LA UNION",Luna,"Sto. Domingo Sur",1,,,6," Barangay hall"
"LA UNION",Luna,Magallanes,5,,,13," Child Development Center"
"LA UNION",Luna,Magallanes,5,,,13," Barangay hall"
"LA UNION",Luna,Magallanes,2,,,5,"BHW Office"
"LA UNION",Luna,Magallanes,2,,,6,"SK Office"
"LA UNION",Bauang,Pilar,25,0,0,97,"Bauang North Central School Gymnasium Santiago Satellite Evacuation Center Dili Brgy Hall, Pudoc Brgy. Hall, Cabisilan Barangay Hall, MDRRMO Evacuation Center, Payocpoc Sur Covered Court, Pudoc Elementary School, Bucayab Brgy. Hall UCCP Calumbaya Tubao Credit Cooperative Satellite Office, Paringao National High School Santiago Commercial Center Warehouse Urayong Barangay Hall Parian Integrated School, Santiago Elementary School, Guerrero Barangay Hall, Mormon's Church Quinavite Nagrebcan Elementary School Acao Brgy. Hall"
"LA UNION",Bauang,Taberna,1,,,3,"Motor pool Santiago (Bauang)"
"LA UNION",Bauang,Taberna,2,,,6,"Day Care Center"
"LA UNION",Bauang,Taberna,1,,,3,BNCS
"LA UNION",Bauang,Pudoc,7,,,11,"Outside Evaucation"
"LA UNION",Bauang,"Central East (Poblacion)",44,,,133,"Pudoc Brgy Hall"
"LA UNION",Bauang,Dili,4,,,16,BNCS
"LA UNION",Bauang,"Baccuit Norte",2,,,4,"Dili Brgy Hall"
"LA UNION",Bauang," Cabisilan",2,,,7,"Cabisilan Brgy Hall"
"LA UNION",Bauang,"Central West (Poblacion)",12,,,35,"MDRRMO Evacuation Center"
"LA UNION","San Fernando City",Poro,36,0,0,89,"Poro Covered Court, Poro Pavilion, Poro Evacuation Center"
"LA UNION","San Fernando",Carlatan,13,,,40," Lingsat Integrated School"
"LA UNION","San Fernando","Dalumpinas Oeste",11,,,35," Lingsat Integrated School"
"LA UNION","San Fernando","Dallangayan Oeste",6,,,20,"Brgy. Hall"
"LA UNION","San Fernando","Santiago Norte",2,,,6,"Santiago Norte Brgy Hall"
"LA UNION","San Fernando",Catbangen,35,,,125,"Catbangen Central School"
"LA UNION","San Fernando","Ilocanos Sur",19,,,71,"Catbangen Central School"
"LA UNION","San Fernando","San Agustin",167,,,379,"Catbangen Central School"
"LA UNION","San Fernando",Sevilla,7,,,25," Day Care Center"
"LA UNION","San Fernando"," Sagayad",24,,,82,"Sagayad Relocation Covered Court"
"LA UNION","San Fernando",Cadaclan,1,,,5," Cadaclan Health Care Center"
"LA UNION","San Fernando"," Parian",11,,,46," Parian Evacuation Center"
"LA UNION","San Fernando",Namtuatan,2,,,6," Masjid Muslim Center"
"LA UNION","San Fernando",Namtuatan,7,,,51,"Outside Evacuation"
"LA UNION","San Fernando","Barangay I",7,,,23," Brgy. Hall"
"LA UNION","San Fernando","Ilocanos Norte",16,,,64,"CDRRMO 24/7 Operations Center"
"LA UNION","San Fernando",Canaoay,1,,,2,"CDRRMO 24/7 Operations Center"
"LA UNION","San Fernando"," Pagdaraoan",4,,,16,"Outside Evacuation - relative"
"LA UNION","San Fernando"," Pagdaraoan",2,,,7," Outside Evacuation - neighbor"
"LA UNION","San Fernando",Cabaroan,6,,,20,"Brgy Hall"
"LA UNION","San Fernando",Langcuas,4,,,16,"SK Teen Care"
"LA UNION","San Fernando",Bacsil,1,,,5,"Brgy Hall"
"LA UNION","San Fernando"," San Vicente",1,,,4,"Brgy Hall"
"LA UNION",Agoo,"San Nicolas West",1,0,0,2,"Sta Rita Elementary School"
"LA UNION",Agoo,"Santa Rita West",1,,,4,"Sta Rita Elementary School"
"LA UNION",Agoo," Balawarte",103,,,250," San Julian Integrated School, Brgy Hall, Day Care Center "
"LA UNION",Agoo,Purok,1,,,4," Covered Court"
"LA UNION",Agoo,"San Julian West",20,,,64," San Julian Integrated School"
"LA UNION",Agoo," Sta Rita Sur",11,,,33,"Barangay Hall"
"LA UNION",Agoo," Sta Rita Sur",2,,,6," Outside Evacuation"
"LA UNION",Santol,Mangaan,4,0,0,10," Brgy Hall"
"LA UNION",Santol,Mangaan,17,,,52," Outside evacuation"
"LA UNION",Santol,Sasaba,5,,,18," Outside evacuation"
"LA UNION",Santol,Corro-oy,1,,,4," Outside evacuation"
"LA UNION",Santol,Puguil,1,,,5," Outside evacuation"
"LA UNION",Santol,Tubaday,1,,,4," Outside evacuation"
"LA UNION",Santol,"Lettac Norte",3,,,8,"Brgy Hall"
"LA UNION",Santol,Poblacion,1,,,1,"Outside evacuation"
"LA UNION",Santol,"Lettac Sur",2,,,4,"Outside evacuation"
"LA UNION",Santol,"Lettac Sur",1,,,5," Banbanaba Elem School"
"LA UNION",Bangar," Consuegra",15,0,0,46,"Bangar Evacuation Center <br> Municipal Hall <br> Mini gymnasium <br> MHO BC <br> Bangar Central School <br> DFLOMNHS <br> Barangay Evacuation Centers of Agdeppa, Alzate, Bangaoilan East, Consuegra, Gen Prim West, General Terrero, Paratong Norte,<br> Saint Christopher Parish Church <br> Outside Evacuation Center"
"LA UNION",Bangar," General Prim West",1,,,72,
"LA UNION",Bangar,Mindoro,3,,,6,
"LA UNION",Pugo," Cares",2,0,0,6," Cares Brgy. Hall<br>(Total individual based on coordination to PDRRMO)"
"LA UNION",Pugo,"Tavora East",1,,,2,"Tavora East Brgy. Hall"
"LA UNION",Pugo,"Tavora East",10,,,20,"Outside Evacuation"
"LA UNION",Caba," Las-ud",8,0,0,10,"Brgy. Hall"
"LA UNION",Caba,"Poblacion Norte",1,,,3," Outside Evacuation"
"LA UNION",Caba,"San Gregorio",8,,,23," Outside Evacuation"
"LA UNION",Bagulin,"Suyo Fam 23, Ind 59 Tagudtud Fam 1, Ind 4",24,0,0,63,"Bagulin Evacuation Center Outside Evacuation Center"
"LA UNION",Burgos,"Agpay, Caoayan, Dalacdac, Libtong, Linuan, Old Poblacion, Upper Tumapoc, New Poblacion",39,0,0,105,"Burgos Municipal Evacuation Center, Dalacdac Barangay Hall, Linuan Barangay Hall, Old Poblacion Barangay Hall"
"LA UNION",Naguillan,"Daramuangan, Bimmotobot, Natividad, Tuddingan, San Isidro, Cabaritan Sur, Aguioas, Bancagan",161,0,0,573,"Daramuangan Brgy. Hall, Lower Bimmotobot Elem. School, Dr. Hermogenes Belen Elem. School, Municipal Civic Center, Naguilian National High School, Tuddingan Barangay Hall, Mormons church, Brgy. Cabaritan Sur covered court, Cabaritan Sur Brgy. Hall, Cabaritan Integrated School, Aguioas Brgy. Hall, houses of relatives and neighbors"
"LA UNION",Rosario,"Bani, Carunoan West, Catanguingtingan, Poblacion East",40,0,0,103,"Bani Elem School<br> Carunoan West Brgy Hall<br> Cataguingtingan BH and Catag Elem Sch<br> Poblacion East Brgy Hall"
"LA UNION","San Gabriel","Poblacion, Bucao, Bumbuneg",28,0,0,97,"3rd Floor Legislative Building"
"LA UNION","San Juan","Ili Sur, Cacapian, BAcsayan, Bugbugcao, Cabaroan, Casilagan, CAtdongan, Dangdangla, Lubing, Pacpacac, Panicsican, Saracat, Taboc",451,0,0,1510,"San Juan Senior HS, San Juan Multi Puropose Gym, San Juan Central School, Taboc Elem. School, Ili Sur Brgy. Hall"
"LA UNION",Sudipen,"Bigbiga, Bulalaan, Duplas, Poblacion,Ipet, Bigbiga, San Francisco Norte",49,0,0,113,"Bulalaan Brgy Hall, Duplas Brgy Hall, Duplas National High School, Brgy Hall Poblacion, Ipet Brgy Hall,"
"LA UNION",Tubao,"Anduyan Poblacion 5",6,0,0,24,"Barangay Hall Anduyan Poblacion Barangay Hall"
PANGASINAN,Agno,"Magsaysay, Gayusan, Poblacion East, Tupa, Aloleng, Bangan oda, San Juan, Patar, Dangley, Poblacion West, Cayungnan, Allabon, Macaboboni, Baruan, Boboy",308,0,0,914,"Barangay Hall Magsaysay, Gayusan, Aloleng, Poblacion East, Patar, Poblacion West, Tupa, Cayungnan, Allabon , Municipal Evacuation Center, San Juan Elementary School, Calomboyan Elementary School, Juan Nino Elementary School, Agno Central School, St. Alexandria Catholic Church, IFI, Legislative Building, RHU II, Baruan Elementary school"
PANGASINAN,Aguilar,"San Jose 59,232 , Bocboc, West 35,143 , Bocboc East 5,24 , Baybay 1,10 , Poblacion 4,21 , Pogomboa 1, 3 Buer 1,4",106,0,0,437,"Aguilar Evacuation Center"
PANGASINAN,"Alaminos City","Alos, Amandiego, Balangobong, Bolaney, Bued, Cabatuan, Cayucay, Lucap, Maawi, Macatiw, Magsaysay, Mona, Pangapisan, Poblacion, Pogo, Polo, Quibuar, Sabangan, San Antonio, San Jose, San Roque, San Vicente, Sta. Maria, Tangcarang, Telbang, Tawin Tawin",390,0,0,1350,"Barangay Hall Alos, Bolaney, Bued, Cabatuan, Cayucay, Macatiw, Maawi, Magsaysay, Mona, Pangapisan, Poblacion, Pogo, Polo, Quibuar, San Antonio,San Jose, San Roque, San Vicente, Sta Maria, Tangcarang, Telbang, Victoria Amandiego ES, Balangobong Chapel,Lucap Covered Court, CSAP Lucap, DLSCC Poblacion, Sabangan ES Sta Maria CDC and Senior Citizens Office, Regional Evacuation Center"
PANGASINAN,Alcala,"Canarvacanan, Bersamin, Poblacion East, Macayo, Caranglaan, Kisikis, San Nicolas, Laoac, San Vicente, San Juan, Atainan, Anulid",60,0,0,208,"Brgy Canarvacanan Evacuation Center, Beramin Day Care, NCDC Poblacion East, Macayo CDC, Caranglaan Barangay Hall, Kisikis Multi purpose Hall, Relatives house in San Nicolas, Laoac Brgy Hall, SAn Vicente Covered Court, SAn Juan Old Brgy Hall, Atainan Covered Court, Anulid Brgy Hall, DCC & chapel"
PANGASINAN,Anda,"Awag 80,301, Awile 15,48, Batiarao 13,53, Cabungan In 24,59 Out 20,58, Carot In 3,11 Out 3,10, Dolaoan 20,59, Imbo 40,119, Macandocandong 7,26, Mal ong In 7,19 Out 15,45, Poblacion 20,57, Roxas In 21,56 Out 1,4, Tondol In 8,37 Out 73,238, Toritori In 2,7 Out 93,296",465,0,0,1503,"Regional Evacuation Center, Barangay Evacuation Centers, Barangay Halls, Health Centers, Schools<br> Others are staying with their relatives neighbors<br>"
PANGASINAN,Balungao,"San Leon 5,9, San Marcelino 1,3, San Julian 35,72",41,0,0,84,"San Leon Barangay Hall<br> San Marcelino Barangay Hall<br> San Julian Barangay Hall"
PANGASINAN,Bani,"Ambabaay 8, 47, Aporao 21, 75, Arwas 7, 17, Ballag 6,16, Banog Norte 16, 57, Banog Sur 1, 4, Calabeng 7, 26, Centro Toma 14, 31, Dacap Norte 2,9, Dacap Sur 11,43, Garrita 12,57, Masidem 5, 15, Quinaoayanan 17, 62, Ranao 4, 13, San Jose 11, 41, San Miguel 1, 1, Tipor 4, 21, Tugui Norte 3, 7, Tugui Grande 7, 12",157,0,0,554,"Barangay Hall"
PANGASINAN,Basista,"Cabeldatan, Nalneran, Dumpay, Navatat",26,0,0,95,"Cabeldatan Day Care Center, Nalneran Brgy Hall, Dumpay Brgy Hall, Navatat DCC"
PANGASINAN,Bayambang,"Manambong Parte",29,0,0,99,
PANGASINAN,Binalonan,"Linmansangan, Poblacion",7,0,0,27,"Linmansangan Barangay Health Center, Poblacion Barangay Hall"
PANGASINAN,Binmaley,"Biec, Plaza Riza, Malindong, Poblacion, San Isidro Sur, Salapingao, Naguilayan",100,0,0,337,"Binmaley Evacuation Center"
PANGASINAN,Bolinao,"Germinal, Concordia, Luciente 1, Arndedo, Liwa Liwa, Balingasay, Arnedo, Lambes, Salud, Sampaloc, Zaragoza, Culang, Tara, Ilog Malino, Cabuyao, Goyoden, Luciente 2, Estanza",573,0,0,2165,"Germinal IS, Municipal Evacuation Center BalingasayNHS, Luciente 1 ES ArnedoNHS"
PANGASINAN,Bugallon,"Cabayaoasan, MAGTAKING, Portic, Sal Norte, , Bolaoen, Pantal, Salasa, Banaga, Samat, Umanday",154,0,0,583,"Mun Evac Center, Bugallon Sports Complex, Torres Elem School, Barangay Halls and DCCs of mentioned barangays"
PANGASINAN,Burgos,"Ilio Ilio, San Pascual, Cacayasen, Concordia, Tambacan, San Miguel, Sapa Grande, Sapa Pequena, Papallasen, Anapao, San Vicente",126,0,0,304,"Barangay Hall of the specific barangay Migrated to Relative's residences 43 families"
PANGASINAN,Calasiao,"Ambonao, Dinalaoan, Doyong, Gabon, Lasip, Mancup, Nalsian, Poblacion East, Talibaew",98,0,0,371,"Barangay Designated Evacuation Center"
PANGASINAN,"Dagupan City","Bacayao Norte, Bacayao Sur, Bolosan, Bonuan Gueset, Caranglaan, Herero, Lasip Chico, Lasip Grande, Malued, Mayombo, Poblacion Oeste, Pugaro",2069,0,0,6241,"Bacayao Norte Pascuala Villamil Elementary School<br> Bacayao Sur Multi Purpose Hall<br> Bolosan Elementary School<br> North Elementary School <br> Caranglaan Elementary School<br> East Central Integrated School High School Building <br> Juan L. Siapno Elementary<br> People's Astrodome<br> Lomboy Elementary School<br> Lucao Elementary School<br> Malued Elementary School<br> East Central Integrated School<br> Juan P. Guadiz Elementary School<br> Pugaro Integrated School"
PANGASINAN,Dasol,"Amalbalan Tambobong, Hermosa, Uli, Macalang, Petal, Eguia, Poblacion, Alilao, San Vicente, Viga, Osmena, Tambac Magsaysay Gais Guipe Malimpin, Tambac, Malacapas",426,0,0,1395,"Regiona evac center, Resorts, elementary school, relative, neighbor, church, multipurpose hall, senior cit buldg"
PANGASINAN,Infanta,"Cato, Patima, Poblacion, Bayambang, Batang, Nayom",294,0,0,1358,"Cato Elementary School, Municipal Evacuation Center, Poblacion Barangay Hall, Bayambang Elementary School, Bayambang National High School, Bayambang Catholic Church, Bayambang Day Care Center, Poblacion Mormon Church, Municipal Auditorium, Nayom Brgy Hall, Nayom ES"
PANGASINAN,Labrador,"Bongalon, Dulig, Laois, San Gonzalo, Poblacion, San Jose, Tobuan, Magsaysay, Uyong",99,0,0,309,"Bongalon Evacuation Center, Dulig Elem. School, Laois Brgy. Hall Health Center Elem. School, San Gonzalo Chapel and Health Center, Poblacion Brgy. Hall, San Jose Senior Citizen Bldg., Tobuan Senior Citizen Bldg., Magsaysay Brgy Hall, Uyong Brgy Hall"
PANGASINAN,Laoac,"Sitio Casarguelasan Brgy Nanbagatan",18,0,0,37,"Brgy Nanbagatan Barangay Hall"
PANGASINAN,Lingayen,"Libsong West, Maniboc, Poblacion, Basing, Sabangan, Dorongan",43,0,0,67,"Narciso Ramos SCC<br> Lingayen Evacuation Center<br> Basing Barangay Hall<br> Sabangan Barangay Hall<br> Dorongan Barangay Hall"
PANGASINAN,Mabini,"Calzada, Caabiangan, San Pedro, Magalong, Bacnit, Villacorta",72,0,0,250,"Barangay Halls, Municipal Hall, Magalong National HighSchool"
PANGASINAN,Mangatarem,"Calomboyan Norte, Bogtong Silag, Dorongan Punta, Dorongan Ketaket, Caoile Olegario, Calomboyan Norte, Bunlalacao, Dorongan Valerio, Ponglo Baleg, Torre 2nd, Pampano, Cabaruan",164,0,0,590,"Day Care Center<br> Day Care Center Bogtong Silag <br> Mangatarem 1 Central School<br> Day Care Center<br> Bunlalacao E S<br> Dorongan Valerio Brgy Hall<br> Ponglo Baleg E S<br> Torre 2nd E S<br> MNHS<br> <br> RHU 1"
PANGASINAN,Natividad,"Barangay Rizal, San Miguel, Barangobong, Salud, San Eugenio",31,0,0,75,"Natividad Multi Purpose Gymnasium"
PANGASINAN,Pozorrubio,"Rosario, Banding, Laoac",13,0,0,23,"Rosario Barangay Hall, Banding Barangay Hall<br> Laoac Day Care Center"
PANGASINAN,Rosales,"Rizal, Carmay West, Carmen East, Carmen West, Tomana East, Station District, Zone III, Zone V",73,0,0,279,"RBE Stadium"
PANGASINAN,"San Carlos City","Brgy. Aponit, Brgy. Calomboyan, Brgy. Buenglat, Bani, Guelew, Brgy. Agdao, Longos, Bogaoan, Mabalbalino, Bugallon Posadas, Antipangol, Balococ, Palospos, Quezon Blvd, Burgos Padlan, Polo, M. Soriano",182,0,0,625,"Agdao Evacuation Center, Calomboyan Elem. School, Brgy. Buenglat New Brgy. Hall, Buenglat Health Center, Brgy.Bani New Building, Brgy. Hall, Bani Elem. School, Aponit Elem. School, Guelew Gymnasium, Longos Multi Purpose Hall, Bogaoan Brgy. Hall, Mabalbalino National High School, Arenas Gym Complex, Antipangol Brgy. Hall, Balococ Brgy Hall, Palospos Multi purpose Hall, Quezon Blvd Brgy Hall, Burgos Padlan Brgy. Hall, Polo Brgy. Hall, M. Soriano Brgy. Hall"
PANGASINAN,"San Fabian","Brgy. Nibaliw Narvarate, Brgy. Tempra Guilig , Brgy. Sobol , Brgy. Lekep Butao, Brgy. Tocok",81,0,0,269,"Sport Civic Center San Fabian, San Fabian National High School, Teodora Cacapit ES Sobol"
PANGASINAN,"San Jacinto",Lobong,5,0,0,15,"Sangguniang Bayan Building"
PANGASINAN,"San Manuel",none,2,0,0,0,
PANGASINAN,"San Nicolas","Brgy Cacabugaoan, brgy Calanutian, Brgy Nining, Lungao, Casaratan, Salpad, San Felipe west, San jose, Sta Maria West",42,0,0,88,"Cacabugaoan Child Development Center, Brgy health Center Calanutian, Nining brgy hall"
PANGASINAN,"San Quintin","Brgy Nangapugan",1,0,0,9,"Brgy Nangapugan Brgy Hall"
PANGASINAN,Sison,"Brgy Bulaoen West, Brgy Pinalpal",25,0,0,70,"Bulaoen West Elementary School, Pinalpal Elementary School"
PANGASINAN,"Sto. Tomas","San Antonio, Poblacion East",23,0,0,72,"Municipal Evacuation Center, Ernesting Elem. School, Poblacion East Brgy. Hall"
PANGASINAN,Sual,"Barangay Cabalitian, Barangay Paitan West, Brgy. Poblacion, Barangay Pangascasan, Barangay Santo Domingo",202,0,0,801,"Sual Evacuation Center"
PANGASINAN,Tayug,"Amistad, Poblacion A, Panganiban",5,0,0,26,"Panganiban Evacuation Center and Tayug South Central Elem. School"
PANGASINAN,Urbiztondo,Poblacion,6,0,0,18,"Urbiztondo Sports Complex and Gymnasium"
PANGASINAN,"Urdaneta City","Nancamaliran West, Pinmaludpod",3,0,0,17,"Lananpin Elem School"
